1.606543828244841432e+00
1.231554793008688087e+00
9.949015338798177233e-01
6.934362011235015721e-01
4.703822912086966235e-01
1.819134275047999960e-01
-8.970049420845572705e-03
-1.868540567317368908e-02
-3.330049951511308004e-01
-6.307753497515693475e-01
-8.351406121074778088e-01
-1.020835338121083957e+00
-1.297019829710441163e+00
-1.544411566155792226e+00
-1.983942342823446836e+00
-2.129129786406853242e+00
-2.749803352044086324e+00
-3.400960874033348347e+00
-4.498283480587204508e+00
-4.727769091186625694e+00
